326, 399, 434, 403, 432, 443, 325, 440
445, 396, 537, 396, 536, 449, 445, 443
245, 465, 337, 469, 335, 504, 247, 504
343, 467, 409, 472, 410, 518, 346, 512
420, 470, 509, 461, 511, 515, 421, 528
519, 474, 609, 480, 606, 517, 522, 519
242, 531, 356, 536, 356, 573, 246, 572
366, 537, 448, 541, 449, 576, 365, 581
457, 533, 572, 535, 569, 581, 455, 586
581, 547, 600, 547, 602, 584, 579, 586
223, 585, 296, 587, 292, 635, 224, 635
301, 599, 366, 603, 365, 635, 302, 638
371, 604, 411, 604, 408, 639, 373, 641
416, 604, 492, 598, 491, 643, 420, 644
497, 609, 617, 615, 617, 653, 501, 647
318, 665, 397, 669, 399, 704, 320, 707
407, 669, 519, 661, 516, 711, 407, 706
220, 705, 266, 700, 264, 760, 218, 767
281, 715, 375, 721, 367, 768, 281, 772
388, 721, 613, 729, 610, 781, 391, 790
301, 789, 359, 792, 354, 836, 302, 840
365, 802, 408, 803, 409, 842, 368, 842
444, 804, 531, 808, 526, 843, 444, 839
