316, 396, 358, 398, 360, 415, 317, 415
362, 395, 396, 395, 398, 416, 364, 419
400, 401, 418, 399, 418, 416, 400, 416
420, 397, 480, 398, 479, 417, 416, 415
482, 389, 512, 388, 512, 411, 481, 411
304, 420, 499, 421, 496, 465, 301, 464
499, 418, 526, 418, 528, 456, 498, 456
361, 473, 474, 468, 474, 512, 362, 513
324, 527, 361, 528, 362, 544, 325, 542
366, 529, 409, 528, 411, 545, 363, 547
414, 529, 468, 527, 468, 541, 415, 544
468, 522, 509, 519, 508, 534, 468, 538
328, 543, 357, 543, 357, 559, 329, 559
358, 547, 410, 545, 410, 560, 356, 557
416, 542, 484, 539, 485, 555, 416, 560
484, 541, 507, 539, 507, 549, 484, 552
298, 561, 414, 568, 414, 600, 294, 593
425, 571, 532, 552, 531, 581, 421, 593
