174, 233, 265, 231, 267, 324, 172, 330
274, 237, 453, 187, 450, 294, 276, 316
157, 355, 223, 338, 222, 399, 154, 405
223, 348, 287, 338, 286, 394, 227, 404
291, 342, 341, 319, 340, 389, 288, 388
350, 332, 481, 294, 480, 373, 351, 381
155, 431, 214, 427, 215, 492, 160, 493
222, 407, 297, 415, 296, 499, 226, 497
304, 420, 367, 391, 367, 490, 303, 513
380, 407, 515, 376, 509, 516, 385, 489
193, 516, 243, 504, 243, 571, 187, 587
247, 518, 317, 505, 316, 573, 246, 583
327, 519, 450, 503, 452, 584, 327, 580
