108, 30, 253, 33, 253, 112, 107, 113
270, 37, 526, 39, 527, 125, 271, 124
189, 123, 257, 123, 256, 159, 186, 158
265, 126, 341, 123, 342, 162, 266, 162
354, 126, 461, 127, 463, 163, 352, 161
218, 201, 393, 201, 392, 233, 216, 233
402, 205, 437, 204, 437, 238, 401, 237
114, 261, 312, 262, 312, 323, 110, 331
327, 256, 527, 257, 528, 336, 329, 333
109, 361, 203, 362, 204, 388, 106, 393
212, 357, 280, 356, 280, 383, 211, 387
285, 355, 383, 352, 382, 379, 285, 382
392, 351, 452, 350, 449, 374, 398, 377
454, 347, 528, 344, 531, 376, 454, 376
